4294967278,59
4294967278,58
4294967278,57
4294967278,56
4294967279,134
31,6
31,5
31,4
4294967279,289
4294967294,1023
4294967279,320
4294967279,288
4294967279,271
4294967279,270
31,7
4294967279,269
4294967279,286
31,3
31,2
31,1
4294967279,267
4294967278,60
4294967279,81
4294967279,80
4294967279,79
4294967279,76
4294967279,75
4294967279,74
4294967279,73
4294967279,527
4294967279,526
4294967279,263
4294967279,262
30,4
30,3
30,2
30,1
4294967279,283
4294967294,1173
4294967294,60
4294967294,61
4294967294,14
4294967294,20
4294967294,127
4294967294,126
4294967294,18
4294967294,12
4294967294,13
4243767290,0
29,6
4294967279,67
4294967279,275
4294967279,280
4294967278,383
4294967278,382
4294967279,66
4294967279,64
4294967279,63
4294967279,62
4294967279,61
4294967279,60
4294967279,59
4294967279,57
4294967279,56
4294967279,55
4294967279,268
4294967278,256
4294967278,326
4294967278,327
4294967278,324
4294967279,575
4294967278,254
4294967278,253
29,8
29,7
4294967278,248
4294967294,96
4294967294,94
4294967278,252
4294967278,250
29,3
29,2
29,1
4294967278,249
4294967294,81
4294967278,245
4294967279,53
4294967279,52
4294967279,51
4294967279,50
4294967279,49
4294967279,46
4294967279,44
4294967278,242
4294967294,441
4294967294,390
4294967294,120
4294967294,114
4294967278,353
4294967278,239
4294967278,237
4294967278,374
4294967278,235
4294967294,387
4294967278,233
4294967279,42
4294967279,41
4294967279,40
16,8
4294967278,230
4294967278,229
4294967278,227
16,9
16,0
4294967278,224
4294967278,222
4294967279,39
4294967279,38
4294967279,36
4294967279,35
4294967279,34
4294967279,32
4294967279,30
4294967279,29
4294967279,28
4294967279,25
4294967279,23
4294967279,21
4294967279,20
4294967279,17
4294967279,16
4294967279,15
4294967279,14
4294967279,12
4294967279,11
4294967279,9
16,7
4294967278,220
4294967294,166
4294967294,165
4294967294,89
4294967294,162
4294967294,1010
4294967294,185
4294967294,396
4294967294,1004
4294967294,395
4294967294,407
4294967294,385
4294967294,178
4294967294,384
4294967294,1014
4294967294,411
4294967294,168
4294967294,425
4294967294,403
4294967294,420
4294967294,468
4294967294,456
4294967294,109
4294967294,466
4294967294,418
4294967294,397
4294967294,160
4294967294,1181
4294967294,29
4294967294,1022
4294967294,53
4294967294,393
4294967294,45
4294967294,44
4294967294,40
4294967294,37
4294967278,219
4294967294,36
4294967294,39
4294967294,42
4294967278,216
4294967278,215
4294967278,352
4294967278,212
4294967278,381
4294967278,373
4294967278,209
4294967294,8
16,1
0,7
4294967278,320
19,4
4294967279,574
4294967278,319
4294967278,371
4294967279,573
4294967278,203
4294967294,1099
4294967294,91
4294967294,90
4294967294,87
4294967294,1356
4294967294,86
4294967294,84
4294967294,82
4294967294,83
4294967294,1008
4294967279,572
4294967279,539
4294967279,0
16,2
4294967294,5
4294967294,9
4294967294,104
4294967294,106
4294967294,107
4294967294,392
4294967294,46
4294967294,426
4294967294,115
4294967294,7
4294967278,380
4294967278,346
4294967278,0
4294967294,6
4294967278,317
4294967294,50
4294967278,316
16,6
16,4
4294967294,22
4294967294,1102
4294967294,1358
4294967294,470
4294967294,1355
4294967278,132
4294967278,131
4294967278,130
4294967278,129
4294967278,128
4294967278,127
4294967278,126
4294967278,125
4294967278,124
4294967278,123
4294967278,122
4294967278,121
4294967278,120
4294967278,119
4294967278,118
4294967278,117
4294967278,116
4294967278,115
4294967278,114
4294967278,113
4294967278,112
4294967278,111
4294967278,110
4294967278,109
4294967278,108
4294967278,107
4294967278,106
4294967278,105
4294967278,104
4294967278,103
4294967278,102
4294967278,101
4294967278,100
4294967278,99
4294967278,98
4294967278,97
4294967278,96
4294967278,95
4294967278,94
4294967278,93
4294967278,92
4294967278,91
4294967278,90
4294967278,89
4294967278,87
4294967278,86
4294967278,85
4294967278,84
4294967278,81
4294967278,368
4294967278,80
4294967278,348
4294967278,79
4294967278,78
4294967278,77
4294967278,76
4294967278,75
4294967278,74
4294967278,73
4294967278,72
4294967278,71
4294967278,70
4294967278,69
4294967278,68
4294967278,67
4294967278,66
4294967278,65
4294967278,64
4294967278,63
4294967278,62
4294967278,61
4294967279,542
4294967279,78
4294967279,77
4294967279,72
4294967279,71
4294967279,70
4294967279,69
4294967279,68
4294967279,65
4294967279,58
4294967279,54
4294967279,48
4294967279,47
4294967279,45
4294967279,43
4294967279,37
4294967279,33
4294967279,31
4294967279,27
4294967279,26
4294967279,24
4294967279,22
4294967279,19
4294967279,18
